Energy  u/p  uen/p
1.00000e-03 3.606e03 3.599e03
1.50000e-03 1.191e03 1.188e03
2.00000e-03 5.279e02 5.262e02
3.00000e-03 1.625e02 1.614e02
3.20290e-03 1.340e02 1.330e02
3.20290e-03 1.485e02 1.460e02
4.00000e-03 7.788e01 7.636e01
5.00000e-03 4.027e01 3.931e01
6.00000e-03 2.341e01 2.270e01
8.00000e-03 9.921e00 9.446e00
1.00000e-02 5.120e00 4.742e00
1.50000e-02 1.614e00 1.334e00
2.00000e-02 7.779e-01 5.389e-01
3.00000e-02 3.538e-01 1.537e-01
4.00000e-02 2.485e-01 6.833e-02
5.00000e-02 2.080e-01 4.098e-02
6.00000e-02 1.875e-01 3.041e-02
8.00000e-02 1.662e-01 2.407e-02
1.00000e-01 1.541e-01 2.325e-02
1.50000e-01 1.356e-01 2.496e-02
2.00000e-01 1.233e-01 2.672e-02
3.00000e-01 1.067e-01 2.872e-02
4.00000e-01 9.549e-02 2.949e-02
5.00000e-01 8.712e-02 2.966e-02
6.00000e-01 8.055e-02 2.953e-02
8.00000e-01 7.074e-02 2.882e-02
1.00000e00 6.358e-02 2.789e-02
1.25000e00 5.687e-02 2.666e-02
1.50000e00 5.175e-02 2.547e-02
2.00000e00 4.447e-02 2.345e-02
3.00000e00 3.581e-02 2.057e-02
4.00000e00 3.079e-02 1.870e-02
5.00000e00 2.751e-02 1.740e-02
6.00000e00 2.522e-02 1.647e-02
8.00000e00 2.225e-02 1.525e-02
1.00000e01 2.045e-02 1.450e-02
1.50000e01 1.810e-02 1.353e-02
2.00000e01 1.705e-02 1.311e-02 
