Energy  u/p  uen/p
1.00000e-03 3.806e03 3.795e03
1.03542e-03 3.473e03 3.462e03
1.07210e-03 3.167e03 3.158e03
1.07210e-03 3.173e03 3.164e03
1.50000e-03 1.282e03 1.278e03
2.00000e-03 5.737e02 5.718e02
2.14550e-03 4.700e02 4.682e02
2.14550e-03 4.722e02 4.703e02
2.30297e-03 3.858e02 3.841e02
2.47200e-03 3.149e02 3.134e02
2.47200e-03 3.186e02 3.168e02
2.64140e-03 2.633e02 2.618e02
2.82240e-03 2.175e02 2.161e02
2.82240e-03 2.219e02 2.201e02
3.00000e-03 1.862e02 1.846e02
3.60740e-03 1.088e02 1.076e02
3.60740e-03 1.109e02 1.094e02
4.00000e-03 8.187e01 8.066e01
5.00000e-03 4.232e01 4.147e01
6.00000e-03 2.458e01 2.393e01
7.11200e-03 1.479e01 1.425e01
7.11200e-03 1.514e01 1.450e01
8.00000e-03 1.068e01 1.013e01
1.00000e-02 5.519e00 5.096e00
1.50000e-02 1.744e00 1.440e00
2.00000e-02 8.428e-01 5.831e-01
3.00000e-02 3.852e-01 1.669e-01
4.00000e-02 2.715e-01 7.443e-02
5.00000e-02 2.278e-01 4.477e-02
6.00000e-02 2.057e-01 3.332e-02
8.00000e-02 1.827e-01 2.645e-02
1.00000e-01 1.695e-01 2.559e-02
1.50000e-01 1.492e-01 2.749e-02
2.00000e-01 1.358e-01 2.944e-02
3.00000e-01 1.176e-01 3.164e-02
4.00000e-01 1.052e-01 3.249e-02
5.00000e-01 9.598e-02 3.269e-02
6.00000e-01 8.874e-02 3.254e-02
8.00000e-01 7.793e-02 3.177e-02
1.00000e00 7.007e-02 3.074e-02
1.25000e00 6.265e-02 2.938e-02
1.50000e00 5.701e-02 2.807e-02
2.00000e00 4.896e-02 2.584e-02
3.00000e00 3.932e-02 2.260e-02
4.00000e00 3.371e-02 2.046e-02
5.00000e00 3.002e-02 1.897e-02
6.00000e00 2.743e-02 1.788e-02
8.00000e00 2.405e-02 1.642e-02
1.00000e01 2.196e-02 1.550e-02
1.50000e01 1.920e-02 1.425e-02
2.00000e01 1.793e-02 1.366e-02 
