Energy  u/p  uen/p
1.00000e-03 3.46600e03 3.45600e03
1.03542e-03 3.16400e03 3.15600e03
1.07210e-03 2.88900e03 2.88000e03
1.07210e-03 2.97800e03 2.96800e03
1.18283e-03 2.30200e03 2.29500e03
1.30500e-03 1.77500e03 1.76900e03
1.30500e-03 1.78100e03 1.77500e03
1.50000e-03 1.22700e03 1.22300e03
1.55960e-03 1.10400e03 1.10000e03
1.55960e-03 1.17600e03 1.16900e03
1.69350e-03 9.41900e02 9.36500e02
1.83890e-03 7.52500e02 7.48200e02
1.83890e-03 1.63100e03 1.58700e03
2.00000e-03 1.36800e03 1.33300e03
3.00000e-03 4.64600e02 4.55200e02
3.60740e-03 2.80400e02 2.75100e02
3.60740e-03 2.91100e02 2.84400e02
4.00000e-03 2.18800e02 2.13900e02
4.03810e-03 2.13100e02 2.08400e02
4.03810e-03 2.52000e02 2.41500e02
5.00000e-03 1.40100e02 1.34800e02
6.00000e-03 8.40100e01 8.09400e01
7.11200e-03 5.18700e01 4.99500e01
7.11200e-03 5.41500e01 5.15300e01
8.00000e-03 3.87800e01 3.68900e01
1.00000e-02 2.04500e01 1.93700e01
1.50000e-02 6.35100e00 5.85500e00
2.00000e-02 2.80600e00 2.46200e00
3.00000e-02 9.60100e-01 7.15700e-01
4.00000e-02 5.05800e-01 2.99500e-01
5.00000e-02 3.41200e-01 1.56300e-01
6.00000e-02 2.66000e-01 9.55400e-02
8.00000e-02 2.01400e-01 5.05000e-02
1.00000e-01 1.73800e-01 3.64900e-02
1.50000e-01 1.43600e-01 2.89700e-02
2.00000e-01 1.28200e-01 2.86800e-02
3.00000e-01 1.09700e-01 2.96900e-02
4.00000e-01 9.78300e-02 3.02400e-02
5.00000e-01 8.91500e-02 3.03300e-02
6.00000e-01 8.23600e-02 3.01500e-02
8.00000e-01 7.22700e-02 2.94000e-02
1.00000e00 6.49500e-02 2.84300e-02
1.25000e00 5.80700e-02 2.71600e-02
1.50000e00 5.28800e-02 2.59500e-02
2.00000e00 4.55700e-02 2.39500e-02
3.00000e00 3.70100e-02 2.12000e-02
4.00000e00 3.21700e-02 1.95100e-02
5.00000e00 2.90800e-02 1.84000e-02
6.00000e00 2.69700e-02 1.76300e-02
8.00000e00 2.43200e-02 1.66900e-02
1.00000e01 2.27800e-02 1.61700e-02
1.50000e01 2.09600e-02 1.55900e-02
2.00000e01 2.03000e-02 1.53900e-02 
