Energy  u/p  uen/p
1.00000e-03 3.803e03 3.791e03
1.03542e-03 3.469e03 3.459e03
1.07210e-03 3.164e03 3.155e03
1.07210e-03 3.176e03 3.167e03
1.50000e-03 1.283e03 1.280e03
2.00000e-03 5.746e02 5.727e02
2.14550e-03 4.707e02 4.690e02
2.14550e-03 4.752e02 4.732e02
2.30297e-03 3.883e02 3.865e02
2.47200e-03 3.170e02 3.154e02
2.47200e-03 3.226e02 3.206e02
2.64140e-03 2.668e02 2.650e02
2.82240e-03 2.204e02 2.189e02
2.82240e-03 2.248e02 2.229e02
3.00000e-03 1.888e02 1.870e02
3.60740e-03 1.103e02 1.091e02
3.60740e-03 1.125e02 1.110e02
4.00000e-03 8.306e01 8.181e01
5.00000e-03 4.296e01 4.210e01
6.00000e-03 2.497e01 2.431e01
8.00000e-03 1.058e01 1.010e01
1.00000e-02 5.459e00 5.067e00
1.50000e-02 1.721e00 1.423e00
2.00000e-02 8.316e-01 5.740e-01
3.00000e-02 3.815e-01 1.635e-01
4.00000e-02 2.699e-01 7.286e-02
5.00000e-02 2.270e-01 4.393e-02
6.00000e-02 2.053e-01 3.282e-02
8.00000e-02 1.826e-01 2.625e-02
1.00000e-01 1.695e-01 2.550e-02
1.50000e-01 1.493e-01 2.748e-02
2.00000e-01 1.359e-01 2.945e-02
3.00000e-01 1.177e-01 3.167e-02
4.00000e-01 1.053e-01 3.252e-02
5.00000e-01 9.607e-02 3.272e-02
6.00000e-01 8.882e-02 3.257e-02
8.00000e-01 7.800e-02 3.179e-02
1.00000e00 7.013e-02 3.077e-02
1.25000e00 6.271e-02 2.940e-02
1.50000e00 5.706e-02 2.810e-02
2.00000e00 4.900e-02 2.586e-02
3.00000e00 3.935e-02 2.262e-02
4.00000e00 3.374e-02 2.048e-02
5.00000e00 3.005e-02 1.898e-02
6.00000e00 2.746e-02 1.789e-02
8.00000e00 2.407e-02 1.643e-02
1.00000e01 2.198e-02 1.551e-02
1.50000e01 1.922e-02 1.427e-02
2.00000e01 1.794e-02 1.367e-02 
