Energy  u/p  uen/p
1.00000e-03 3.719e03 3.709e03
1.03542e-03 3.393e03 3.383e03
1.07210e-03 3.094e03 3.085e03
1.07210e-03 3.100e03 3.091e03
1.50000e-03 1.251e03 1.247e03
2.00000e-03 5.594e02 5.574e02
2.14550e-03 4.581e02 4.564e02
2.14550e-03 4.626e02 4.606e02
2.30297e-03 3.776e02 3.762e02
2.47200e-03 3.085e02 3.069e02
2.47200e-03 3.140e02 3.121e02
2.64140e-03 2.597e02 2.579e02
2.82240e-03 2.145e02 2.130e02
2.82240e-03 2.160e02 2.143e02
3.00000e-03 1.812e02 1.796e02
3.60740e-03 1.057e02 1.046e02
3.60740e-03 1.100e02 1.083e02
4.00000e-03 8.127e01 7.992e01
5.00000e-03 4.206e01 4.116e01
6.00000e-03 2.446e01 2.377e01
8.00000e-03 1.037e01 9.888e00
1.00000e-02 5.356e00 4.964e00
1.50000e-02 1.693e00 1.396e00
2.00000e-02 8.205e-01 5.638e-01
3.00000e-02 3.783e-01 1.610e-01
4.00000e-02 2.685e-01 7.192e-02
5.00000e-02 2.262e-01 4.349e-02
6.00000e-02 2.048e-01 3.258e-02
8.00000e-02 1.823e-01 2.615e-02
1.00000e-01 1.693e-01 2.544e-02
1.50000e-01 1.492e-01 2.745e-02
2.00000e-01 1.358e-01 2.942e-02
3.00000e-01 1.176e-01 3.164e-02
4.00000e-01 1.052e-01 3.249e-02
5.00000e-01 9.598e-02 3.269e-02
6.00000e-01 8.874e-02 3.254e-02
8.00000e-01 7.793e-02 3.177e-02
1.00000e00 7.007e-02 3.074e-02
1.25000e00 6.265e-02 2.938e-02
1.50000e00 5.701e-02 2.808e-02
2.00000e00 4.896e-02 2.584e-02
3.00000e00 3.931e-02 2.259e-02
4.00000e00 3.369e-02 2.045e-02
5.00000e00 3.000e-02 1.895e-02
6.00000e00 2.741e-02 1.786e-02
8.00000e00 2.401e-02 1.639e-02
1.00000e01 2.192e-02 1.547e-02
1.50000e01 1.915e-02 1.421e-02
2.00000e01 1.786e-02 1.361e-02 
