Energy  u/ρ  uen/ρ
1.00000e-03 4.823e03 4.797e03
1.50000e-03 1.672e03 1.664e03
2.00000e-03 7.601e02 7.567e02
3.00000e-03 2.411e02 2.396e02
4.00000e-03 1.045e02 1.035e02
5.00000e-03 5.409e01 5.329e01
6.00000e-03 3.142e01 3.077e01
8.00000e-03 1.327e01 1.278e01
1.00000e-02 6.805e00 6.408e00
1.50000e-02 2.088e00 1.796e00
2.00000e-02 9.667e-01 7.221e-01
3.00000e-02 4.025e-01 2.022e-01
4.00000e-02 2.647e-01 8.674e-02
5.00000e-02 2.132e-01 4.943e-02
6.00000e-02 1.880e-01 3.470e-02
8.00000e-02 1.632e-01 2.523e-02
1.00000e-01 1.500e-01 2.335e-02
1.50000e-01 1.310e-01 2.424e-02
2.00000e-01 1.189e-01 2.579e-02
3.00000e-01 1.027e-01 2.763e-02
4.00000e-01 9.187e-02 2.836e-02
5.00000e-01 8.380e-02 2.852e-02
6.00000e-01 7.747e-02 2.838e-02
8.00000e-01 6.803e-02 2.771e-02
1.00000e00 6.115e-02 2.681e-02
1.25000e00 5.469e-02 2.562e-02
1.50000e00 4.979e-02 2.448e-02
2.00000e00 4.280e-02 2.255e-02
3.00000e00 3.456e-02 1.984e-02
4.00000e00 2.981e-02 1.809e-02
5.00000e00 2.674e-02 1.690e-02
6.00000e00 2.460e-02 1.606e-02
8.00000e00 2.185e-02 1.496e-02
1.00000e01 2.020e-02 1.430e-02
1.50000e01 1.811e-02 1.346e-02
2.00000e01 1.722e-02 1.310e-02 
