Energy  μ/ρ  μen/ρ
1.00000e-03 3.712e03 3.701e03
1.03542e-03 3.386e03 3.376e03
1.07210e-03 3.087e03 3.079e03
1.07210e-03 3.099e03 3.090e03
1.50000e-03 1.251e03 1.247e03
2.00000e-03 5.596e02 5.577e02
2.14550e-03 4.583e02 4.566e02
2.14550e-03 4.650e02 4.629e02
2.30297e-03 3.800e02 3.782e02
2.47200e-03 3.102e02 3.086e02
2.47200e-03 3.158e02 3.137e02
2.64140e-03 2.612e02 2.594e02
2.82240e-03 2.158e02 2.142e02
2.82240e-03 2.188e02 2.169e02
3.00000e-03 1.836e02 1.819e02
3.60740e-03 1.073e02 1.061e02
3.60740e-03 1.105e02 1.089e02
4.00000e-03 8.161e01 8.030e01
5.00000e-03 4.224e01 4.135e01
6.00000e-03 2.456e01 2.389e01
8.00000e-03 1.042e01 9.935e00
1.00000e-02 5.379e00 4.987e00
1.50000e-02 1.699e00 1.402e00
2.00000e-02 8.230e-01 5.663e-01
3.00000e-02 3.790e-01 1.616e-01
4.00000e-02 2.688e-01 7.216e-02
5.00000e-02 2.264e-01 4.360e-02
6.00000e-02 2.048e-01 3.264e-02
8.00000e-02 1.823e-01 2.617e-02
1.00000e-01 1.693e-01 2.545e-02
1.50000e-01 1.492e-01 2.745e-02
2.00000e-01 1.358e-01 2.942e-02
3.00000e-01 1.175e-01 3.164e-02
4.00000e-01 1.052e-01 3.249e-02
5.00000e-01 9.598e-02 3.269e-02
6.00000e-01 8.873e-02 3.254e-02
8.00000e-01 7.793e-02 3.176e-02
1.00000e00 7.006e-02 3.074e-02
1.25000e00 6.265e-02 2.938e-02
1.50000e00 5.701e-02 2.807e-02
2.00000e00 4.895e-02 2.583e-02
3.00000e00 3.931e-02 2.259e-02
4.00000e00 3.369e-02 2.045e-02
5.00000e00 3.000e-02 1.895e-02
6.00000e00 2.741e-02 1.786e-02
8.00000e00 2.401e-02 1.639e-02
1.00000e01 2.193e-02 1.547e-02
1.50000e01 1.915e-02 1.422e-02
2.00000e01 1.787e-02 1.362e-02